1566558430.16379714 0.00000000 0.00000000 49.56836317 0.00000000
1566558431.02850914 0.00000000 0.00000000 0.00000000 58.92748957
1566558431.19537878 0.00000000 4.16598458 0.00000000 58.78433894
1566558431.26659393 0.00000000 0.00000000 48.98694899 0.00000000
1566558431.33154678 0.00000000 0.00000000 0.00000000 58.92748954
1566558431.39860868 0.00000000 0.00000000 0.00000000 59.13112930
1566558431.47452784 0.00000000 0.00000000 49.15582398 0.00000000
1566558431.54921603 0.00000000 0.00000000 49.15582403 0.00000000
1566558431.65472293 0.00000000 0.00000000 49.32586733 0.00000000
1566558431.71971011 0.00000000 0.00000000 49.15582396 0.00000000
1566558431.79071641 0.00000000 0.00000000 49.32586724 0.00000000
1566558431.85939384 0.00000000 0.00000000 49.15582400 0.00000000
1566558431.92951441 0.00000000 0.00000000 49.20550695 0.00000000
1566558431.99974179 0.00000000 0.00000000 48.98694899 0.00000000
1566558432.07835340 0.00000000 0.00000000 48.93770625 0.00000000
1566558432.14652967 0.00000000 0.00000000 48.81923043 0.00000000
1566558432.21350574 0.00000000 0.00000000 48.98694907 0.00000000
1566558432.28059077 0.00000000 0.00000000 48.98694899 0.00000000
1566558432.35732055 0.00000000 0.00000000 49.10624126 0.00000000
1566558432.43120170 0.00000000 0.00000000 0.00000000 58.78433891
1566558432.50851035 0.00000000 0.00000000 48.98694902 0.00000000
1566558432.58111858 0.00000000 0.00000000 48.98694902 0.00000000
1566558432.65600944 0.00000000 0.00000000 0.00000000 58.78433882
1566558432.73915696 0.00000000 0.00000000 49.15582396 0.00000000
1566558432.79568815 0.00000000 0.00000000 0.00000000 59.27597587
1566558432.87924647 0.00000000 0.00000000 49.32586733 0.00000000
1566558432.96181345 0.00000000 0.00000000 49.44681788 0.00000000
1566558433.04708791 0.00000000 0.00000000 50.44517023 0.00000000
1566558433.13403678 0.00000000 0.00000000 56.62509125 0.00000000
1566558433.22829652 0.00000000 0.00000000 58.95451175 0.00000000
1566558433.32135153 0.00000000 0.00000000 0.00000000 86.13483403
1566558433.40899849 0.00000000 0.00000000 0.00000000 96.87337580
1566558433.48075771 0.00000000 0.00000000 0.00000000 98.78281230
1566558433.56683683 0.00000000 0.00000000 0.00000000 102.22240899
1566558433.64379287 0.00000000 0.00000000 0.00000000 103.09341404
1566558433.71080756 0.00000000 24.52296636 0.00000000 0.00000000
1566558433.77134800 0.00000000 24.52296636 0.00000000 0.00000000
1566558433.84015894 0.00000000 24.25591637 0.00000000 0.00000000
1566558433.89603353 0.00000000 24.20444891 0.00000000 0.00000000
1566558433.97045755 0.00000000 24.13203465 0.00000000 0.00000000
1566558434.04390359 0.00000000 24.18319429 0.00000000 0.00000000
1566558434.12601113 0.00000000 24.25591637 0.00000000 0.00000000
1566558434.19165039 0.00000000 24.29244168 0.00000000 0.00000000
1566558434.25114346 0.00000000 24.13203465 0.00000000 0.00000000
1566558434.31988287 0.00000000 23.98849829 0.00000000 0.00000000
1566558434.38392925 0.00000000 0.00000000 0.00000000 125.04999053
1566558434.44218016 0.00000000 0.00000000 59.37357652 0.00000000
1566558434.50132895 0.00000000 0.00000000 0.00000000 59.33618149
1566558434.56464839 0.00000000 0.00000000 49.10624124 0.00000000
1566558434.62348938 0.00000000 0.00000000 0.00000000 58.98698895
1566558434.69361830 0.00000000 4.16527804 0.00000000 58.84354948
1566558434.75751376 0.00000000 4.21861819 48.41901613 0.00000000
1566558434.82177877 0.00000000 4.24514939 0.00000000 58.44159235
1566558434.89222860 0.00000000 4.27221052 0.00000000 57.96364288
1566558434.95527792 7.18623032 0.00000000 0.00000000 56.52083998
1566558435.02472520 7.35018601 0.00000000 0.00000000 56.38913038
1566558435.09639025 7.71466162 0.00000000 0.00000000 56.52084020
1566558435.16546392 6.72143845 4.33540491 46.10536389 0.00000000
1566558435.22938609 5.67680186 0.00000000 0.00000000 56.33475414
1566558435.28980637 7.57785609 0.00000000 0.00000000 57.96364302
1566558435.36406589 0.00000000 0.00000000 47.75076091 0.00000000
1566558435.42999935 0.00000000 0.00000000 0.00000000 57.82513138
1566558435.51347804 16.18006489 0.00000000 0.00000000 57.49344759
1566558435.59886003 9.85263002 0.00000000 0.00000000 56.97519878
1566558435.65841842 9.20240379 0.00000000 47.79764289 0.00000000
1566558435.72519827 38.66345875 0.00000000 0.00000000 57.35717144
1566558435.78834033 0.00000000 4.26317858 47.79764282 0.00000000
1566558435.85561919 0.00000000 4.25867692 0.00000000 57.35717133
1566558435.91890860 0.00000000 4.25418475 47.91120628 0.00000000
1566558435.98474693 0.00000000 4.24970205 47.91120625 0.00000000
1566558436.04642940 0.00000000 4.25082184 47.91120630 0.00000000
1566558436.10861802 0.00000000 4.20825815 0.00000000 59.31122891
1566558436.18631196 0.00000000 4.13267325 59.19927372 0.00000000
1566558436.24921465 0.00000000 0.00000000 79.63929399 6.09243675
1566558436.31388521 0.00000000 0.00000000 0.00000000 6.01426183
1566558436.38297582 0.00000000 0.00000000 0.00000000 5.96304743
1566558436.44170189 0.00000000 0.00000000 0.00000000 5.91125352
1566558436.50004268 0.00000000 0.00000000 0.00000000 5.88324970
1566558436.56481862 0.00000000 0.00000000 0.00000000 5.87089321
1566558436.63498569 0.00000000 0.00000000 0.00000000 5.88004365
1566558436.69491553 0.00000000 0.00000000 0.00000000 5.88147281
1566558436.79444122 9.44774111 0.00000000 0.00000000 0.00000000
1566558436.85525680 8.91501044 0.00000000 0.00000000 0.00000000
1566558436.92304492 7.98997966 0.00000000 0.00000000 0.00000000
1566558436.99704671 5.55166412 0.00000000 0.00000000 0.00000000
1566558437.09140134 0.00000000 0.00000000 0.00000000 0.00000000
1566558437.17011738 0.00000000 0.00000000 0.00000000 0.00000000
1566558437.25529695 0.00000000 0.00000000 0.00000000 0.00000000
1566558437.32805634 0.00000000 0.00000000 0.00000000 0.00000000
1566558437.38702822 0.00000000 0.00000000 0.00000000 0.00000000
1566558437.44414043 0.00000000 0.00000000 0.00000000 0.00000000
1566558437.50559926 0.00000000 0.00000000 0.00000000 57.74024383
1566558437.56406593 0.00000000 126.87145492 0.00000000 108.19667767
1566558437.63255072 0.00000000 73.07853223 58.66529336 0.00000000
1566558437.70151901 0.00000000 78.11864149 0.00000000 0.00000000
1566558437.77116442 0.00000000 10.03316073 137.12882723 112.64315149
1566558437.84968829 0.00000000 9.87160860 0.00000000 0.00000000
1566558437.93090630 0.00000000 76.33387022 0.00000000 207.89529610
1566558438.01034856 0.00000000 9.78487744 0.00000000 0.00000000
1566558438.09126019 0.00000000 0.00000000 0.00000000 0.00000000
1566558438.15746093 0.00000000 9.93553523 0.00000000 111.60412022
1566558438.22826028 0.00000000 0.00000000 0.00000000 0.00000000
1566558438.29380131 0.00000000 11.20608992 0.00000000 0.00000000
1566558438.37839913 0.00000000 11.97275857 0.00000000 0.00000000
1566558438.46868730 0.00000000 15.73172466 0.00000000 0.00000000
1566558438.53631115 0.00000000 10.22449039 0.00000000 0.00000000
1566558438.62989688 13.86829071 0.00000000 0.00000000 0.00000000
1566558438.70531726 0.00000000 0.00000000 0.00000000 0.00000000
1566558438.76512885 0.00000000 0.00000000 0.00000000 0.00000000
1566558438.84131289 0.00000000 0.00000000 0.00000000 0.00000000
1566558438.90093184 0.00000000 0.00000000 0.00000000 0.00000000
1566558438.95706534 0.00000000 0.00000000 0.00000000 53.67657149
1566558439.02166605 0.00000000 0.00000000 0.00000000 0.00000000
1566558439.07932329 0.00000000 0.00000000 0.00000000 0.00000000
1566558439.15457368 0.00000000 0.00000000 0.00000000 0.00000000
1566558439.21325636 5.02588359 0.00000000 0.00000000 0.00000000
1566558439.27625227 5.48895266 0.00000000 0.00000000 63.26298061
1566558439.34588981 7.50666524 0.00000000 51.98334528 0.00000000
1566558439.41351223 0.00000000 4.26835122 0.00000000 63.09802058
1566558439.47692394 0.00000000 4.25867692 51.16004485 0.00000000
1566558439.54399085 0.00000000 4.25867692 50.59344880 0.00000000
1566558439.60846901 0.00000000 4.25867692 49.98788542 0.00000000
1566558439.67629123 0.00000000 4.25642965 0.00000000 59.98546253
1566558439.74144769 0.00000000 4.25194222 50.16374449 0.00000000
1566558439.82604194 0.00000000 4.23669221 49.98788544 0.00000000
1566558439.91153288 0.00000000 4.23400774 0.00000000 59.83713206
1566558440.00594330 0.00000000 4.23511927 0.00000000 59.98546256
1566558440.09934306 0.00000000 4.23086701 0.00000000 59.83713209
1566558440.21444583 0.00000000 4.22017890 50.03926555 0.00000000
1566558440.31115294 0.00000000 4.21485507 49.74127782 0.00000000
1566558440.39270639 0.00000000 0.00000000 49.98788549 0.00000000
1566558440.48059940 0.00000000 0.00000000 0.00000000 61.39205385
1566558440.55776906 0.00000000 0.00000000 0.00000000 62.70329501
1566558440.64358878 0.00000000 0.00000000 50.66791563 0.00000000
1566558440.70770335 0.00000000 0.00000000 0.00000000 60.34661325
1566558440.77376366 0.00000000 0.00000000 0.00000000 64.52569226
1566558440.83136415 0.00000000 0.00000000 56.65238577 0.00000000
1566558440.90470505 0.00000000 0.00000000 62.62954918 0.00000000
1566558440.97640419 0.00000000 21.65910731 0.00000000 0.00000000
1566558441.04607916 0.00000000 21.90359422 0.00000000 0.00000000
1566558441.12129331 0.00000000 22.34522309 0.00000000 0.00000000
1566558441.19329906 0.00000000 21.76510674 0.00000000 0.00000000
1566558441.25357294 0.00000000 21.80671416 0.00000000 0.00000000
1566558441.31934357 0.00000000 21.19126377 0.00000000 0.00000000
1566558441.39032984 0.00000000 20.63596276 0.00000000 0.00000000
1566558441.45832586 0.00000000 20.22028043 0.00000000 0.00000000
1566558441.52064419 0.00000000 20.05901357 0.00000000 0.00000000
1566558441.59734225 0.00000000 20.26672696 0.00000000 0.00000000
1566558441.68472815 0.00000000 20.77528703 0.00000000 0.00000000
1566558441.76151299 0.00000000 21.76006970 0.00000000 0.00000000
1566558441.84128785 0.00000000 23.38881762 0.00000000 0.00000000
1566558441.91250229 0.00000000 26.46239144 0.00000000 0.00000000
1566558441.97207117 0.00000000 29.83258947 0.00000000 106.84544998
1566558442.04770827 0.00000000 0.00000000 57.63541739 0.00000000
1566558442.11380625 0.00000000 0.00000000 55.71326148 0.00000000
1566558442.18586969 0.00000000 0.00000000 53.48616510 0.00000000
1566558442.26405621 0.00000000 0.00000000 51.24544322 5.95610814
1566558442.34307289 0.00000000 0.00000000 49.59794514 0.00000000
1566558442.41388488 0.00000000 4.08339051 48.12025011 0.00000000
1566558442.49492574 0.00000000 4.12785513 0.00000000 57.03081908
1566558442.57069039 0.00000000 4.22524766 47.52568261 0.00000000
1566558442.64757466 0.00000000 4.27447449 0.00000000 56.07367085
1566558442.71137142 0.00000000 4.25093441 0.00000000 56.70815956
1566558442.77485633 0.00000000 4.19688890 48.02531070 0.00000000
1566558442.84482384 0.00000000 4.10528605 48.58399164 0.00000000
1566558442.91419172 0.00000000 0.00000000 0.00000000 60.86484446
1566558442.98030090 0.00000000 39.83781627 51.03057848 0.00000000
1566558443.07720089 0.00000000 40.37767125 51.60706331 0.00000000
1566558443.14515090 0.00000000 39.83781627 50.54092484 0.00000000
1566558443.20711589 0.00000000 39.73968106 0.00000000 60.34661288
1566558443.27790141 0.00000000 39.36840453 50.28884417 0.00000000
1566558443.33996701 0.00000000 38.87109182 50.28884427 0.00000000
1566558443.40501118 0.00000000 37.78763916 49.76233787 0.00000000
1566558443.46966505 0.00000000 38.84173189 51.05274479 0.00000000
1566558443.53922343 0.00000000 0.00000000 49.05675820 0.00000000
1566558443.61731291 0.00000000 0.00000000 48.60408302 0.00000000
1566558443.69043159 0.00000000 0.00000000 48.83951647 0.00000000
1566558443.76874709 0.00000000 0.00000000 0.00000000 58.60742016
1566558443.83749509 0.00000000 0.00000000 48.83951666 0.00000000
1566558443.89754844 0.00000000 0.00000000 48.88856212 0.00000000
1566558443.97059560 0.00000000 0.00000000 48.72151509 0.00000000
1566558444.03260255 0.00000000 0.00000000 48.72151540 0.00000000
1566558444.12182093 0.00000000 0.00000000 48.60408297 0.00000000
1566558444.18835306 0.00000000 0.00000000 49.12676653 0.00000000
1566558444.25381708 0.00000000 0.00000000 49.29660890 0.00000000
1566558444.31219840 0.00000000 0.00000000 49.00737505 0.00000000
1566558444.38280916 0.00000000 0.00000000 50.00915478 0.00000000
1566558444.44618464 0.00000000 38.03965990 50.84860043 5.95529264
1566558444.51684976 0.00000000 38.96497896 51.98334544 5.82869471
1566558444.58526301 0.00000000 38.68466836 50.84860046 5.74630238
1566558444.65574622 0.00000000 38.68466836 50.72070374 5.65825741
1566558444.71880484 0.00000000 38.90992619 50.84860040 5.71960417
1566558444.78999996 0.00000000 39.04310178 50.72070379 76.03581645
1566558444.86318874 0.00000000 39.27256558 50.84860035 0.00000000
1566558444.93142939 0.00000000 39.27256558 50.90176603 5.47725632
1566558445.01940441 0.00000000 39.44815507 0.00000000 61.17257232
1566558445.08480525 0.00000000 38.80028602 50.84860025 80.07970407
1566558445.16320562 0.00000000 38.26389634 50.72070369 5.47106449
1566558445.25154781 0.00000000 37.53015855 51.03057840 0.00000000
1566558445.32205176 0.00000000 37.23441144 66.38471014 61.23669418
1566558445.38912916 0.00000000 36.57357893 50.66791534 87.08682814
1566558445.45520282 0.00000000 35.85592242 50.97714357 5.65922066
1566558445.52846503 0.00000000 34.99481171 50.66791534 94.16976586
1566558445.60586119 0.00000000 34.23416966 50.72070366 118.90531950
1566558445.69637585 0.00000000 33.67474253 0.00000000 61.01832048
1566558445.78751945 0.00000000 33.13330483 51.71670854 138.12180476
1566558445.85561585 0.00000000 32.51605134 51.98334528 5.87939241
1566558445.92035460 0.00000000 31.85833632 51.71670846 0.00000000
1566558445.98466325 0.00000000 30.56161867 52.09459681 0.00000000
1566558446.05386400 0.00000000 29.71326740 52.61497286 0.00000000
1566558446.11886358 0.00000000 28.78619794 52.94850187 0.00000000
1566558446.18371701 0.00000000 28.46045538 53.83086689 0.00000000
1566558446.24819374 0.00000000 28.19118076 55.19263602 0.00000000
1566558446.31580114 0.00000000 27.67577763 55.62323933 0.00000000
1566558446.38859463 0.00000000 27.40178743 56.30885583 0.00000000
1566558446.45091796 0.00000000 26.95184561 58.03587505 0.00000000
1566558446.51876187 0.00000000 25.89978490 59.51875292 0.00000000
1566558446.59243202 0.00000000 25.07510432 61.37419097 0.00000000
1566558446.66412306 0.00000000 24.39002058 62.20997508 0.00000000
1566558446.73750591 0.00000000 23.84665932 64.32473941 0.00000000
1566558446.80683374 0.00000000 23.15147441 67.34762931 0.00000000
1566558446.86852813 0.00000000 22.68774416 77.67173057 0.00000000
1566558446.93417764 0.00000000 22.29096317 0.00000000 112.64315170
1566558447.01169801 0.00000000 21.92015231 0.00000000 220.16204577
1566558447.08281136 0.00000000 21.09664747 0.00000000 0.00000000
1566558447.15921402 0.00000000 20.50928921 0.00000000 0.00000000
1566558447.24797130 0.00000000 19.85970851 0.00000000 0.00000000
1566558447.31145644 0.00000000 19.28255210 0.00000000 0.00000000
1566558447.38727093 0.00000000 18.85657865 0.00000000 0.00000000
1566558447.46232128 0.00000000 18.53896865 0.00000000 0.00000000
1566558447.52731395 0.00000000 18.23188073 0.00000000 0.00000000
1566558447.58686733 0.00000000 17.65055941 0.00000000 0.00000000
1566558447.64697218 0.00000000 17.38294238 0.00000000 0.00000000
1566558447.71128631 0.00000000 17.38294238 0.00000000 0.00000000
1566558447.77996826 0.00000000 17.54989222 0.00000000 0.00000000
1566558447.84054351 0.00000000 17.86218263 0.00000000 151.28402669
1566558447.90788245 0.00000000 18.23541663 0.00000000 120.78772228
1566558447.97199965 0.00000000 19.07572432 0.00000000 111.09175968
1566558448.04295969 0.00000000 20.21413276 0.00000000 125.04999066
1566558448.14463162 0.00000000 21.55448639 0.00000000 113.61012192
1566558448.21838498 0.00000000 22.84840951 83.13836560 0.00000000
1566558448.27864861 0.00000000 58.12967219 0.00000000 0.00000000
1566558448.35016441 0.00000000 25.31797356 62.48257700 0.00000000
1566558448.41800427 0.00000000 26.46984107 58.61180185 0.00000000
1566558448.50161648 0.00000000 27.82718562 56.08736723 0.00000000
1566558448.60380054 0.00000000 28.13851406 54.32600336 0.00000000
1566558448.69212508 0.00000000 28.50717350 52.15040150 0.00000000
1566558448.76072001 0.00000000 28.85535540 50.84860056 0.00000000
1566558448.83365417 0.00000000 29.44752832 50.72070385 0.00000000
1566558448.90059566 0.00000000 30.47586636 50.84860056 0.00000000
1566558448.97500062 0.00000000 31.55304076 50.84860061 0.00000000
1566558449.04426575 0.00000000 32.10745629 0.00000000 61.01832070
1566558449.14632177 0.00000000 32.36511690 50.72070395 0.00000000
1566558449.25973225 0.00000000 33.07220625 50.72070387 5.59353440
1566558449.34397411 0.00000000 33.30532244 50.36241640 5.61407513
1566558449.41758251 0.00000000 33.54174828 50.84860056 5.64120323
1566558449.49716043 0.00000000 33.88189319 50.72070390 145.81439097
1566558449.57461524 0.00000000 33.95320367 50.72070387 5.63431708
1566558449.65905213 0.00000000 33.75227877 50.72070387 5.70857829
1566558449.74457479 0.00000000 33.51288627 0.00000000 60.86484471
1566558449.82312036 0.00000000 33.11197048 50.84860064 5.87855573
1566558449.92159963 0.00000000 33.01613394 0.00000000 61.01832067
1566558449.99838829 0.00000000 0.00000000 0.00000000 60.64911009
1566558450.08193755 0.00000000 0.00000000 50.11210855 0.00000000
1566558450.16193461 0.00000000 4.01977045 0.00000000 59.42153417
1566558450.23914289 0.00000000 0.00000000 49.39664680 0.00000000
1566558450.33401918 0.00000000 0.00000000 49.74127769 0.00000000
1566558450.43025208 0.00000000 3.92713233 49.74127764 0.00000000
1566558450.50755620 0.00000000 0.00000000 49.86427659 0.00000000
1566558450.60189295 0.00000000 0.00000000 49.81325515 0.00000000
1566558450.67374349 0.00000000 0.00000000 49.86427671 0.00000000
1566558450.74326992 0.00000000 0.00000000 0.00000000 59.62860897
1566558450.81838727 0.00000000 0.00000000 49.69050742 0.00000000
1566558450.88482165 0.00000000 0.00000000 49.69050747 0.00000000
1566558450.95723128 0.00000000 0.00000000 0.00000000 59.98546256
1566558451.03554487 0.00000000 0.00000000 0.00000000 60.34661313
1566558451.12766457 0.00000000 32.27354888 50.66791566 0.00000000
1566558451.21300220 0.00000000 31.99103919 50.11210860 0.00000000
1566558451.31605864 0.00000000 32.08100889 50.11210870 0.00000000
1566558451.39662027 0.00000000 32.08100889 50.54092502 0.00000000
1566558451.48062086 0.00000000 31.90157271 0.00000000 60.28434093
1566558451.57220268 0.00000000 31.90157271 50.23695069 0.00000000
1566558451.64978647 0.00000000 32.02824458 50.11210872 0.00000000
1566558451.73419714 0.00000000 32.02824459 0.00000000 60.13453050
1566558451.80120373 0.00000000 32.02824458 0.00000000 60.13453059
1566558451.86665583 0.00000000 31.90157271 0.00000000 60.28434093
1566558451.93107748 0.00000000 32.24682726 49.93661094 5.94968692
1566558451.99616790 0.00000000 32.98816902 50.11210875 0.00000000
1566558452.06461668 0.00000000 0.00000000 50.11210867 5.80934454
1566558452.13582397 0.00000000 0.00000000 50.11210875 5.72306220
1566558452.20158744 0.00000000 0.00000000 50.23695077 5.40844068
1566558452.27345204 0.00000000 0.00000000 0.00000000 60.28434086
1566558452.34311008 0.00000000 0.00000000 50.11210870 0.00000000
1566558452.40868759 0.00000000 0.00000000 50.11210877 0.00000000
1566558452.47197247 0.00000000 0.00000000 50.11210865 0.00000000
1566558452.53909039 0.00000000 0.00000000 0.00000000 60.13453047
1566558452.60913157 0.00000000 0.00000000 49.98788562 0.00000000
1566558452.67072296 0.00000000 0.00000000 49.93661097 0.00000000
1566558452.74045801 0.00000000 0.00000000 0.00000000 59.98546268
1566558452.80978274 0.00000000 0.00000000 49.93661092 0.00000000
1566558452.89188337 0.00000000 0.00000000 49.81325533 0.00000000
1566558452.97564435 0.00000000 0.00000000 50.11210870 0.00000000
1566558453.04458094 0.00000000 0.00000000 49.93661087 0.00000000
1566558453.11536264 0.00000000 0.00000000 0.00000000 59.77590633
1566558453.18530440 0.00000000 0.00000000 50.11210875 0.00000000
1566558453.25903630 0.00000000 0.00000000 49.76233804 0.00000000
1566558453.32941389 0.00000000 0.00000000 49.93661087 0.00000000
1566558453.41135859 0.00000000 0.00000000 0.00000000 59.77590630
1566558453.48353529 0.00000000 0.00000000 0.00000000 60.13453041
1566558453.54814839 0.00000000 0.00000000 50.11210875 0.00000000
1566558453.61169386 0.00000000 0.00000000 49.93661089 0.00000000
1566558453.67308450 0.00000000 0.00000000 0.00000000 59.98546271
