1566559081616.37866211 -0.18470800 -0.93366600 -0.29926600 -0.38244336 -0.03580271 10.36950000 -26.88500000 -15.35500000 -801.00000000 4630.00000000 -9699.00000000
1566559082431.22924805 -0.18775800 -0.93220200 -0.30280400 -0.20002545 0.00947687 -8.63050000 0.11500000 1.64500000 -794.00000000 4625.00000000 -9611.00000000
1566559083249.93847656 -0.18714800 -0.93488600 -0.30683000 0.08275043 0.03449776 -19.63050000 2.11500000 3.64500000 -781.00000000 4615.00000000 -9651.00000000
1566559084064.71875000 -0.18690400 -0.93317800 -0.30719600 -0.08332457 0.00527026 0.36950000 -6.88500000 -4.35500000 -823.00000000 4620.00000000 -9634.00000000
1566559084879.45727539 -0.18666000 -0.93244600 -0.30817200 0.04962648 -0.05285416 -3.63050000 2.11500000 0.64500000 -790.00000000 4644.00000000 -9574.00000000
1566559085696.61962891 -0.18714800 -0.93342200 -0.30573200 -0.35153123 0.02470365 4.36950000 0.11500000 -2.35500000 -779.00000000 4666.00000000 -9608.00000000
1566559086511.74121094 -0.18666000 -0.93403200 -0.30683000 -0.15774986 -0.01351919 -3.63050000 0.11500000 -1.35500000 -771.00000000 4628.00000000 -9586.00000000
1566559087326.78955078 -0.18666000 -0.93293400 -0.30634200 -0.02043745 -0.00359268 -5.63050000 11.11500000 7.64500000 -821.00000000 4635.00000000 -9606.00000000
1566559088141.05419922 -0.18714800 -0.93293400 -0.30744000 -0.10285971 -0.20786499 -0.63050000 44.11500000 29.64500000 -790.00000000 4625.00000000 -9657.00000000
1566559088956.00341797 -0.18641600 -0.93342200 -0.30902600 0.21343063 -0.02932571 -13.63050000 8.11500000 6.64500000 -789.00000000 4598.00000000 -9642.00000000
1566559089770.82739258 -0.25632200 -0.92402800 -0.34965200 3.34666034 0.67535898 47.36950000 247.11500000 -157.35500000 -800.00000000 4599.00000000 -9572.00000000
1566559090585.43701172 -0.18251200 -0.93427600 -0.30756200 0.11684008 -0.23320256 1.36950000 18.11500000 -5.35500000 -801.00000000 4611.00000000 -9634.00000000
1566559091402.52905273 -0.18531800 -0.93317800 -0.30805000 -0.07409896 -0.40824274 -8.63050000 4.11500000 -19.35500000 -774.00000000 4608.00000000 -9606.00000000
1566559092217.54125977 -0.18495200 -0.93476400 -0.30829400 0.07621987 -0.08484267 -17.63050000 2.11500000 3.64500000 -802.00000000 4597.00000000 -9603.00000000
1566559093032.31884766 -0.18422000 -0.93354400 -0.30792800 -0.33886077 -0.13728443 2.36950000 -8.88500000 -3.35500000 -786.00000000 4606.00000000 -9611.00000000
1566559093847.07714844 -0.18324400 -0.93195800 -0.30609800 -0.15311490 -0.28192590 14.36950000 -14.88500000 -5.35500000 -806.00000000 4615.00000000 -9593.00000000
1566559094662.10937500 -0.18422000 -0.93476400 -0.30853800 -0.05248124 -0.21146749 10.36950000 -15.88500000 -10.35500000 -790.00000000 4659.00000000 -9615.00000000
1566559095476.88305664 -0.18422000 -0.93439800 -0.30707400 -0.03337600 -0.15614209 -12.63050000 -7.88500000 0.64500000 -774.00000000 4611.00000000 -9587.00000000
